salary_min
60000
114000
60000
100000
98000
98000
98000
52000
52000
83000
86000
50000
65000
46000
46000
48000
50000
61000
74000
141000
70000
62000
34
83000
39000
38000
70000
50000
54000
54000
12000
76000
138000
45000
44000
55000
60000
60000
73000
73000
100000
111000
38000
73000
74000
70000
100000
52000
55000
39000
39000
47000
138000
46000
60000
46000
98000
55000
85000
49000
98000
52000
45000
31000
114000
85000
45000
48000
57000
92000
84000
83000
52000
43000
134000
116000
116000
96000
96000
113000
134000
134000
76000
132000
132000
91000
39000
99000
99000
76000
76000
90000
39000
39000
36000
36000
55000
97000
97000
46000
46000
46000
45000
50000
71000
71000
44000
44000
44000
12000
49000
49000
49000
49000
48000
85000
73000
150000
150000
200000
145000
150000
121000
141000
112000
93000
93000
100000
38000
38000
38000
74000
100000
98000
98000
98000
52000
52000
96000
70000
94000
54000
71000
86000
112000
74000
102000
113000
69000
39000
36000
55000
47000
143000
52000
83000
48000
121000
70000
50000
61000
55000
94000
94000
45000
31000
148000
93000
51000
132000
99000
60000
114000
73000
46000
50000
68000
54000
54000
116000
116000
116000
116000
116000
116000
112000
112000
112000
112000
112000
112000
112000
112000
93000
93000
93000
93000
93000
93000
93000
100000
100000
100000
100000
100000
100000
100000
100000
38000
38000
38000
38000
38000
73000
73000
73000
73000
73000
73000
82000
82000
82000
82000
82000
82000
82000
82000
74000
74000
74000
74000
74000
74000
74000
74000
74000
41000
41000
41000
41000
41000
41000
59000
59000
59000
59000
70000
70000
70000
70000
70000
50000
50000
50000
50000
50000
50000
50000
50000
50000
50000
62000
62000
62000
62000
62000
62000
62000
62000
62000
62000
62000
62000
62000
93000
93000
94000
45000
102000
12000
114000
86000
76000
34000
36000
55000
114000
138000
138000
135000
119000
150000
71000
62000
69000
71000
45000
119000
55000
113000
134000
55000
71000
83000
88000
148000
111000
111000
119000
141000
50000
110000
46000
74000
48000
102000
129000
116000
138000
92000
84000
71000
71000
88000
12000
12000
48000
46000
70000
57000
141000
76000
143000
120000
83000
76000
62000
110000
143000
43000
135000
61000
96000
39000
12000
93000
82000
70000
134000
83000
113000
71000
49000
93000
94000
51000
145000
98000
98000
76000
36000
55000
92000
44000
65000
55000
60000
88000
114000
12000
48000
73000
73000
59000
114000
57000
52000
55000
69000
74000
94000
121000
17
102000
136000
62000
50000
50000
50000
94000
94000
46000
45000
45000
45000
71000
143000
143000
143000
143000
70000
68000
68000
55000
94000
51000
69000
45000
98000
98000
98000
98000
62000
111000
111000
116000
110000
82000
50000
52000
55000
55000
55000
55000
55000
55000
55000
111000
74000
116000
133000
113000
113000
76000
34000
34000
54000
54000
45000
34
112000
71000
68000
38000
113000
83000
71000
39000
74000
96000
150000
119000
146000
93000
46000
112000
111000
100000
93000
55000
145000
90000
97000
112000
46000
135000
59000
129000
91000
97000
134000
39000
88000
49000
82000
74000
50000
90000
12000
100000
73000
74000
57000
43000
116000
82000
41000
132000
90000
93000
46000
71000
94000
94000
97000
46000
45000
45000
84000
97000
84000
99000
98000
54000
150000
84000
71000
83000
52000
112000
116000
82000
71000
49000
45000
100000
46000
76000
69000
114000
45000
100000
100000
100000
55000
119000
91000
70000
85000
73000
97000
74000
100000
61000
111000
120000
102000
133000
113000
113000
76000
46000
46000
46000
46000
46000
46000
46000
46000
46000
46000
46000
46000
46000
46000
46000
46000
46000
79000
79000
79000
79000
79000
79000
79000
79000
79000
79000
79000
79000
79000
91000
91000
91000
91000
91000
91000
91000
91000
91000
91000
31000
31000
31000
31000
31000
31000
31000
31000
31000
31000
31000
31000
31000
31000
31000
31000
31000
31000
31000
39000
39000
39000
39000
39000
39000
39000
39000
39000
39000
39000
39000
39000
99000
99000
99000
99000
99000
99000
99000
99000
99000
99000
99000
76000
76000
76000
76000
76000
76000
76000
76000
76000
62000
62000
62000
62000
62000
62000
70000
70000
70000
40000
40000
40000
40000
40000
40000
40000
40000
38000
38000
38000
38000
38000
38000
60000
60000
60000
60000
60000
60000
60000
60000
60000
60000
60000
69000
69000
69000
47000
47000
47000
47000
138000
72000
93000
44000
94000
71000
68000
60000
48000
48000
102000
116000
112000
112000
74000
50000
61000
54000
55000
136000
79000
38000
94000
46000
12000
48000
46000
100000
39000
55000
96000
146000
99000
76000
62000
39000
129000
100000
100000
138000
133000
119000
39000
92000
97000
99000
111000
100000
100000
100000
100000
100000
100000
100000
100000
100000
100000
100000
100000
100000
98000
98000
98000
98000
98000
52000
52000
52000
52000
52000
52000
52000
52000
52000
52000
55000
55000
55000
55000
55000
55000
55000
55000
55000
39000
39000
39000
39000
39000
39000
39000
39000
39000
39000
39000
39000
39000
39000
55000
55000
55000
55000
12000
93000
71000
44000
44000
134000
83000
39000
71000
86000
49000
49000
45000
48000
116000
102000
113000
75000
72000
113000
113000
76000
46000
148000
148000
111000
111000
111000
111000
150000
150000
150000
200000
200000
200000
135000
135000
135000
135000
135000
135000
119000
119000
119000
119000
119000
119000
145000
145000
150000
121000
121000
121000
121000
141000
141000
141000
141000
102000
102000
102000
116000
116000
112000
112000
112000
112000
93000
93000
93000
93000
100000
100000
38000
38000
38000
38000
73000
74000
113000
72000
94000
46000
46000
64000
47000
84000
84000
12000
12000
12000
12000
12000
12000
12000
12000
134000
134000
134000
134000
134000
49000
49000
49000
49000
49000
48000
48000
48000
85000
85000
51000
49000
49000
49000
48000
46000
46000
46000
73000
73000
73000
73000
73000
100000
112000
47000
100000
100000
75000
60000
74000
17
39000
72000
51000
91000
76000
69000
76000
76000
45000
93000
73000
61000
54000
69000
46000
73000
68000
113000
132000
83000
34000
113000
62000
156000
82000
84000
54000
38000
64000
43000
57000
98000
39000
39000
61000
46000
65000
50000
71000
74000
68000
61000
102000
12000
61000
61000
54000
74000
93000
110000
96000
113000
136000
93000
65000
46000
54000
60000
88000
86000
134000
111000
119000
141000
50000
47000
97000
97000
50000
45000
83000
102000
113000
113000
76000
134000
134000
76000
76000
83000
83000
83000
34000
37000
37000
113000
113000
113000
45000
94000
70000
46000
73000
94000
94000
102000
132000
132000
46000
46000
50000
93000
39000
110000
156000
82000
39000
98000
54000
43000
43000
17
38000
82000
93000
93000
49000
51000
65000
39000
85000
46000
51000
85000
60000
97000
12000
46000
200000
61000
54000
66000
119000
65000
45000
50000
70000
66000
91000
85000
96000
96000
96000
57000
57000
47000
47000
47000
134000
113000
100000
39000
75000
111000
82000
64000
84000
60000
134000
85000
49000
73000
93000
119000
150000
121000
121000
121000
141000
141000
74000
51000
134000
85000
49000
39000
74000
114000
73000
51000
31000
39000
68000
146000
97000
76000
113000
50000
71000
54000
54000
74000
48000
148000
100000
51000
102000
113000
132000
75000
113000
136000
145000
12000
12000
134000
49000
57000
45000
72000
73000
74000
73000
45000
48000
48000
82000
39000
88000
85000
49000
119000
48000
31000
39000
74000
113000
34
82000
64000
111000
111000
111000
120000
76000
40000
94000
119000
102000
68000
74000
136000
90000
46000
52000
96000
113000
84000
65000
71000
49000
150000
121000
98000
69000
100000
132000
46000
135000
65000
84000
98000
98000
52000
43000
74000
50000
96000
62000
90000
90000
90000
90000
90000
90000
90000
90000
90000
90000
90000
39000
39000
39000
39000
39000
39000
39000
39000
39000
36000
36000
36000
36000
36000
36000
36000
36000
55000
55000
55000
55000
55000
55000
114000
114000
114000
114000
114000
114000
114000
114000
114000
138000
138000
138000
138000
138000
138000
138000
138000
72000
72000
72000
72000
72000
72000
72000
72000
72000
72000
72000
72000
72000
72000
72000
73000
73000
73000
73000
73000
73000
73000
73000
84000
143000
74000
43000
145000
112000
39000
71000
71000
45000
113000
79000
114000
46000
46000
83000
83000
83000
71000
119000
102000
113000
76000
76000
132000
83000
83000
113000
60000
90000
36000
138000
72000
73000
94000
46000
93000
54000
46000
12000
49000
100000
111000
111000
150000
135000
135000
119000
93000
73000
73000
55000
100000
98000
82000
132000
99000
62000
38000
38000
69000
114000
46000
45000
92000
93000
68000
74000
83000
74000
12000
12000
12000
12000
12000
12000
134000
48000
51000
51000
51000
51000
49000
49000
49000
45000
45000
48000
48000
48000
48000
46000
46000
73000
111000
150000
119000
145000
38000
57000
47000
47000
47000
39000
55000
100000
100000
100000
100000
100000
93000
93000
93000
55000
55000
119000
55000
39000
60000
111000
73000
73000
46000
93000
94000
200000
61000
61000
61000
61000
61000
61000
54000
54000
54000
54000
66000
46000
74000
102000
113000
94000
71000
71000
70000
68000
55000
55000
55000
99000
76000
48000
37000
37000
113000
97000
46000
93000
44000
119000
39000
114000
49000
51000
38000
47000
98000
46000
60000
60000
83000
71000
71000
39000
39000
39000
39000
74000
74000
75000
75000
112000
62000
86000
86000
148000
73000
44000
74000
90000
138000
39000
100000
111000
93000
55000
79000
65000
46000
114000
116000
82000
119000
76000
76000
148000
111000
102000
73000
111000
74000
102000
102000
116000
133000
75000
31000
31000
99000
76000
70000
38000
60000
69000
73000
73000
45000
92000
92000
84000
44000
71000
71000
68000
55000
39000
12000
45000
148000
119000
119000
93000
100000
57000
52000
52000
55000
55000
75000
37000
113000
46000
121000
96000
102000
102000
102000
102000
113000
113000
113000
113000
113000
113000
113000
113000
113000
113000
113000
113000
113000
113000
113000
76000
76000
76000
76000
76000
76000
76000
76000
76000
76000
134000
134000
134000
134000
134000
76000
76000
76000
76000
76000
76000
76000
76000
132000
132000
132000
132000
83000
83000
83000
83000
83000
83000
83000
75000
34000
34000
37000
37000
37000
113000
113000
113000
136000
136000
136000
136000
136000
136000
136000
136000
136000
55000
54000
39000
62000
12000
48000
85000
111000
200000
135000
135000
119000
93000
73000
52000
102000
94000
97000
145000
141000
133000
102000
76000
134000
75000
46000
91000
99000
94000
97000
97000
97000
98000
54000
54000
17
62000
12000
49000
49000
48000
55000
34000
45000
65000
71000
143000
68000
68000
55000
55000
55000
111000
74000
46000
97000
85000
73000
36000
113000
34000
45000
97000
64000
50000
44000
94000
94000
45000
120000
113000
134000
34000
12000
113000
34
47000
112000
150000
100000
39000
129000
129000
46000
44000
65000
65000
65000
71000
143000
55000
55000
114000
83000
134000
49000
49000
46000
73000
100000
70000
114000
45000
91000
92000
82000
46000
102000
46000
132000
46000
70000
120000
76000
98000
54000
48000
150000
61000
120000
74000
82000
102000
132000
34000
114000
94000
97000
46000
47000
71000
93000
148000
111000
111000
150000
200000
200000
135000
135000
135000
135000
145000
145000
150000
150000
150000
150000
150000
121000
121000
121000
121000
141000
102000
102000
116000
116000
100000
38000
50000
92000
47000
69000
46000
91000
98000
54000
39000
76000
45000
71000
39000
93000
111000
145000
102000
73000
74000
50000
93000
134000
119000
82000
76000
132000
91000
64000
50000
45000
55000
43000
129000
46000
40000
138000
12000
48000
73000
116000
82000
59000
62000
96000
57000
55000
39000
46000
83000
114000
39000
60000
111000
12000
12000
48000
48000
57000
92000
102000
39000
59000
94000
71000
68000
100000
74000
156000
116000
110000
93000
93000
111000
111000
150000
150000
200000
200000
200000
135000
119000
119000
119000
145000
145000
145000
150000
150000
141000
141000
102000
102000
116000
98000
85000
111000
39000
84000
88000
46000
62000
134000
91000
31000
47000
46000
48000
36000
64000
47000
71000
73000
62000
98000
52000
50000
45000
71000
71000
71000
143000
143000
143000
143000
70000
70000
70000
83000
88000
114000
62000
86000
48000
51000
62000
40000
138000
111000
111000
111000
111000
111000
111000
111000
111000
111000
111000
111000
111000
111000
111000
111000
120000
120000
120000
120000
120000
120000
120000
120000
120000
120000
120000
120000
120000
120000
119000
119000
119000
119000
119000
119000
74000
74000
74000
74000
74000
74000
74000
74000
74000
74000
74000
74000
102000
102000
102000
102000
102000
102000
102000
102000
102000
102000
102000
102000
102000
129000
129000
129000
129000
129000
129000
129000
129000
129000
129000
129000
156000
156000
156000
156000
156000
156000
156000
156000
156000
156000
156000
156000
156000
156000
156000
156000
119000
119000
119000
119000
119000
119000
119000
119000
119000
119000
119000
119000
119000
119000
119000
119000
119000
119000
116000
116000
116000
116000
116000
116000
116000
133000
133000
133000
110000
110000
110000
110000
110000
110000
110000
110000
82000
82000
82000
82000
82000
82000
82000
82000
82000
82000
82000
96000
96000
96000
96000
96000
96000
96000
102000
113000
113000
113000
113000
113000
113000
113000
76000
134000
134000
76000
76000
76000
132000
132000
83000
83000
83000
75000
75000
75000
34000
34000
34000
34000
113000
113000
113000
113000
136000
34
79000
79000
91000
91000
91000
39000
39000
99000
76000
62000
62000
62000
70000
38000
38000
60000
69000
55000
55000
55000
55000
114000
138000
45000
45000
99000
99000
50000
71000
44000
94000
143000
143000
143000
98000
60000
71000
71000
71000
39000
39000
75000
75000
75000
112000
112000
112000
112000
112000
112000
112000
62000
62000
86000
110000
110000
110000
12000
12000
12000
12000
12000
12000
49000
49000
48000
48000
85000
85000
51000
51000
49000
85000
85000
48000
46000
46000
46000
46000
46000
46000
46000
73000
73000
111000
111000
111000
150000
200000
135000
119000
150000
112000
112000
93000
93000
38000
73000
73000
70000
114000
114000
61000
54000
100000
100000
100000
98000
98000
98000
52000
55000
55000
55000
39000
39000
39000
55000
55000
55000
55000
55000
129000
96000
45000
55000
60000
46000
134000
51000
100000
150000
150000
135000
93000
93000
50000
50000
62000
102000
62000
138000
74000
17
70000
50000
70000
100000
71000
83000
145000
12000
134000
134000
48000
102000
96000
64000
46000
113000
79000
100000
74000
46000
121000
55000
91000
62000
47000
97000
49000
85000
100000
54000
74000
119000
96000
136000
134000
49000
85000
85000
83000
71000
94000
31000
76000
62000
60000
75000
37000
46000
47000
71000
46000
83000
74000
119000
92000
43000
55000
52000
82000
57000
55000
84000
39000
102000
38000
72000
111000
114000
75000
112000
62000
60000
36000
47000
84000
51000
49000
45000
45000
74000
41000
100000
36000
102000
79000
84000
94000
46000
114000
60000
93000
93000
93000
93000
93000
93000
93000
93000
148000
148000
148000
111000
111000
150000
150000
200000
200000
200000
135000
145000
145000
145000
121000
102000
113000
79000
39000
40000
69000
90000
114000
94000
68000
134000
48000
45000
31000
134000
134000
76000
83000
37000
37000
40000
40000
55000
50000
71000
83000
83000
86000
61000
66000
138000
55000
114000
138000
138000
72000
70000
69000
44000
38000
93000
93000
93000
93000
93000
93000
50000
50000
50000
50000
71000
71000
71000
71000
71000
71000
71000
71000
71000
44000
44000
44000
94000
94000
94000
94000
65000
65000
65000
65000
65000
65000
65000
65000
41000
46000
46000
46000
46000
46000
46000
46000
46000
46000
46000
46000
45000
45000
71000
71000
71000
71000
71000
71000
143000
143000
143000
143000
143000
70000
70000
55000
55000
55000
60000
48000
44000
65000
96000
113000
94000
94000
94000
94000
94000
97000
97000
46000
46000
45000
45000
45000
45000
92000
92000
92000
92000
92000
92000
64000
64000
47000
47000
47000
47000
84000
84000
84000
84000
84000
84000
156000
76000
99000
138000
99000
93000
50000
143000
48000
48000
102000
76000
76000
138000
64000
84000
84000
51000
148000
150000
50000
62000
40000
36000
114000
44000
143000
12000
134000
134000
49000
85000
46000
46000
73000
73000
50000
96000
57000
93000
98000
54000
83000
36000
111000
111000
150000
121000
121000
141000
93000
38000
71000
70000
148000
119000
119000
46000
129000
96000
79000
60000
100000
55000
114000
46000
94000
97000
64000
47000
71000
98000
48000
85000
55000
74000
96000
39000
62000
39000
114000
72000
73000
94000
97000
46000
46000
45000
45000
92000
64000
64000
47000
84000
84000
84000
74000
43000
71000
85000
49000
49000
45000
73000
100000
150000
121000
102000
55000
100000
100000
100000
100000
96000
148000
93000
41000
34000
37000
93000
50000
94000
70000
69000
46000
45000
119000
70000
55000
84000
49000
116000
102000
113000
132000
97000
114000
93000
93000
148000
111000
111000
111000
111000
111000
150000
150000
150000
150000
200000
200000
145000
145000
150000
150000
121000
141000
141000
141000
116000
93000
84000
39000
55000
73000
92000
64000
54000
74000
83000
83000
52000
88000
48000
121000
116000
82000
74000
70000
70000
50000
62000
39000
12000
12000
134000
49000
48000
85000
51000
48000
73000
57000
85000
74000
38000
39000
112000
112000
93000
55000
69000
49000
62000
39000
39000
55000
49000
82000
156000
68000
52000
12000
134000
49000
48000
85000
132000
76000
40000
98000
46000
70000
70000
114000
50000
44000
52000
43000
17
113000
132000
34
38000
69000
47000
39000
39000
73000
73000
73000
73000
73000
10
10
10
97000
84000
84000
84000
84000
99000
99000
52000
12000
48000
85000
48000
112000
93000
73000
73000
82000
82000
82000
74000
41000
70000
62000
62000
54000
54000
66000
100000
100000
93000
55000
59000
93000
116000
110000
96000
129000
55000
94000
97000
98000
98000
98000
98000
98000
98000
98000
98000
98000
98000
98000
54000
54000
54000
54000
54000
74000
74000
74000
74000
74000
74000
74000
74000
74000
74000
74000
74000
74000
83000
83000
83000
83000
83000
83000
83000
83000
83000
83000
83000
83000
83000
83000
83000
52000
52000
52000
52000
52000
52000
52000
52000
52000
52000
52000
43000
43000
43000
43000
43000
43000
43000
43000
17
17
17
134000
85000
51000
73000
82000
62000
62000
90000
36000
148000
111000
119000
59000
70000
129000
113000
113000
113000
76000
76000
79000
69000
90000
73000
94000
92000
64000
47000
84000
93000
44000
65000
71000
98000
54000
83000
83000
52000
43000
114000
114000
114000
114000
114000
114000
114000
114000
114000
114000
114000
114000
114000
114000
114000
114000
114000
60000
60000
60000
60000
60000
60000
60000
60000
60000
60000
60000
60000
46000
46000
46000
46000
46000
46000
46000
46000
46000
83000
83000
83000
83000
83000
83000
83000
83000
83000
83000
83000
83000
83000
71000
71000
71000
71000
71000
71000
71000
71000
71000
39000
39000
39000
39000
39000
39000
39000
39000
39000
39000
88000
88000
88000
88000
88000
88000
88000
88000
88000
88000
88000
88000
88000
88000
88000
88000
74000
74000
74000
74000
74000
74000
74000
74000
74000
74000
74000
74000
114000
114000
114000
114000
114000
114000
114000
114000
75000
75000
75000
75000
75000
112000
112000
112000
112000
112000
112000
112000
62000
62000
62000
86000
86000
86000
86000
86000
86000
86000
110000
110000
110000
12000
85000
73000
148000
148000
111000
145000
121000
102000
116000
93000
74000
50000
54000
54000
66000
96000
57000
47000
100000
100000
55000
120000
102000
133000
110000
110000
96000
113000
134000
134000
76000
132000
113000
46000
79000
79000
91000
91000
39000
39000
38000
69000
39000
39000
97000
45000
45000
92000
84000
84000
93000
143000
98000
12000
51000
48000
200000
119000
119000
145000
116000
116000
116000
112000
112000
112000
93000
73000
82000
41000
100000
100000
93000
120000
129000
119000
94000
94000
97000
46000
92000
92000
71000
93000
93000
93000
93000
93000
148000
148000
148000
148000
111000
111000
111000
111000
111000
111000
111000
111000
150000
200000
200000
135000
135000
135000
135000
145000
145000
145000
150000
150000
141000
141000
141000
141000
141000
141000
102000
102000
102000
116000
112000
43000
133000
133000
82000
55000
111000
100000
100000
100000
100000
100000
121000
84000
45000
49000
136000
99000
70000
40000
60000
114000
138000
45000
64000
84000
71000
71000
134000
51000
49000
48000
48000
73000
93000
148000
111000
111000
111000
150000
200000
200000
200000
135000
119000
150000
150000
150000
141000
141000
141000
102000
102000
102000
82000
70000
70000
62000
52000
52000
55000
55000
39000
93000
150000
129000
102000
102000
102000
113000
134000
134000
134000
76000
83000
83000
83000
34000
37000
37000
113000
113000
136000
112000
69000
69000
69000
47000
94000
94000
97000
97000
97000
46000
46000
45000
45000
92000
47000
84000
97000
97000
120000
120000
119000
74000
102000
129000
116000
116000
110000
96000
102000
113000
113000
113000
113000
132000
75000
79000
79000
99000
99000
76000
69000
90000
90000
90000
39000
36000
138000
94000
94000
97000
97000
46000
92000
47000
93000
94000
98000
60000
60000
46000
12000
49000
48000
45000
111000
111000
200000
119000
145000
145000
102000
116000
100000
38000
73000
73000
70000
61000
76000
44000
46000
46000
46000
55000
46000
102000
76000
116000
150000
62000
74000
49000
76000
73000
45000
64000
84000
84000
46000
45000
121000
38000
74000
100000
64000
76000
136000
74000
99000
73000
70000
43000
46000
39000
97000
84000
134000
37000
74000
116000
60000
54000
85000
55000
96000
92000
76000
39000
55000
111000
120000
74000
74000
116000
110000
82000
82000
73000
100000
150000
55000
100000
98000
52000
55000
55000
90000
90000
36000
36000
55000
113000
83000
111000
119000
74000
129000
156000
110000
82000
114000
49000
49000
82000
45000
98000
64000
64000
47000
97000
83000
93000
93000
111000
111000
111000
150000
200000
145000
88000
100000
82000
96000
200000
200000
119000
37000
70000
113000
38000
64000
47000
84000
84000
84000
55000
55000
52000
43000
43000
88000
134000
45000
73000
54000
54000
47000
39000
39000
55000
54000
55000
119000
37000
62000
45000
92000
92000
64000
64000
47000
47000
97000
97000
97000
84000
12000
12000
114000
12000
93000
94000
97000
97000
46000
47000
85000
85000
51000
49000
73000
111000
47000
82000
102000
76000
91000
31000
60000
50000
50000
50000
36000
72000
49000
93000
76000
83000
31000
99000
97000
84000
46000
71000
88000
74000
86000
45000
111000
150000
141000
100000
73000
54000
36000
55000
114000
138000
61000
54000
66000
57000
91000
54000
52000
17
73000
148000
55000
71000
76000
132000
132000
135000
39000
134000
156000
111000
47000
44000
46000
85000
47000
71000
68000
64000
54000
148000
135000
37000
39000
93000
156000
119000
132000
113000
39000
40000
64000
93000
94000
65000
114000
60000
41000
59000
61000
120000
120000
133000
39000
55000
71000
47000
45000
120000
120000
102000
129000
119000
102000
102000
102000
134000
37000
79000
91000
99000
62000
62000
62000
60000
69000
90000
39000
94000
64000
47000
93000
50000
71000
44000
94000
65000
98000
98000
74000
83000
83000
52000
43000
43000
17
114000
46000
12000
48000
85000
111000
150000
116000
82000
61000
54000
54000
96000
100000
98000
55000
85000
47000
84000
44000
65000
65000
50000
44000
46000
114000
93000
44000
71000
70000
71000
12000
85000
133000
113000
113000
113000
54000
83000
97000
46000
148000
150000
44000
74000
55000
134000
114000
113000
114000
62000
76000
60000
93000
71000
70000
38000
45000
143000
93000
57000
55000
102000
34000
136000
134000
132000
136000
99000
62000
36000
71000
94000
54000
46000
83000
74000
49000
48000
200000
150000
100000
38000
74000
62000
61000
61000
54000
66000
98000
52000
55000
55000
91000
62000
70000
70000
45000
52000
50000
44000
134000
82000
97000
50000
