11200.0
0
0
0
1650.0
3650.0
1650.0
1770.0
1070.0
1070.0
1140.0
2380.0
0
0
0
0
0
0
5250.0
0
0
0
0
0
0
0
0
0
0
0
0
0
2760.0
3250.0
3500.0
0
0
20700.0
7550.0
78500.0
132000.0
3150.0
3150.0
6000.0
6000.0
6100.0
6450.0
7550.0
7550.0
7550.0
9850.0
9850.0
10600.0
11200.0
12900.0
13600.0
13900.0
19500.0
20000.0
20700.0
21400.0
22200.0
25300.0
25900.0
35700.0
37100.0
37600.0
38200.0
171000.0
217000.0
55500.0
57000.0
183000.0
4000.0
47900.0
65000.0
68500.0
78000.0
85500.0
143000.0
11800.0
3500.0
3500.0
3750.0
4350.0
5700.0
15400.0
18500.0
18500.0
28400.0
74500.0
14800.0
39900.0
0
0
0
920.0
0
0
1290.0
1770.0
1890.0
2320.0
0
3850.0
3950.0
4350.0
0
0
7050.0
0
0
0
0
690.0
690.0
810.0
810.0
890.0
970.0
970.0
1110.0
1110.0
1300.0
1380.0
1550.0
1580.0
1770.0
2130.0
2210.0
4200.0
4850.0
760.0
880.0
1040.0
1040.0
1220.0
1330.0
1330.0
1330.0
1380.0
1380.0
1460.0
1480.0
1540.0
1650.0
1660.0
1680.0
1720.0
2130.0
2130.0
2210.0
2410.0
2410.0
2430.0
2580.0
2610.0
2680.0
2680.0
2760.0
2910.0
2990.0
2990.0
2990.0
3200.0
3200.0
3350.0
3500.0
4400.0
4500.0
4550.0
4550.0
5000.0
5050.0
5350.0
5450.0
5950.0
6100.0
6550.0
6650.0
7100.0
0
0
7700.0
7800.0
7800.0
0
8550.0
8750.0
8950.0
9350.0
9650.0
9800.0
9800.0
9850.0
10300.0
10500.0
10700.0
12500.0
15600.0
18600.0
19800.0
23000.0
30800.0
35800.0
37000.0
38800.0
44400.0
53500.0
16800.0
45600.0
80000.0
3800.0
3800.0
1120.0
1120.0
1200.0
2270.0
2270.0
2430.0
4000.0
4050.0
4300.0
9850.0
9850.0
10600.0
2210.0
1130.0
1130.0
1210.0
1780.0
1780.0
1900.0
2110.0
3100.0
3100.0
3300.0
3500.0
0
5000.0
0
0
0
0
0
2360.0
2210.0
2210.0
14800.0
11500.0
30800.0
49300.0
3650.0
3750.0
4150.0
3050.0
2120.0
2270.0
3300.0
3300.0
8500.0
12500.0
0
0
0
0
6300.0
0
6300.0
6750.0
0
0
0
4500.0
4500.0
4800.0
0
0
0
0
0
0
0
0
0
0
0
0
0
0
0
0
0
7750.0
1300.0
8250.0
1210.0
1630.0
1630.0
1740.0
1940.0
2080.0
0
1940.0
0
0
0
0
7600.0
8150.0
43200.0
0
0
8750.0
10400.0
10400.0
18200.0
19700.0
24400.0
29600.0
29600.0
33900.0
51000.0
54500.0
8750.0
35000.0
35000.0
37400.0
88000.0
105000.0
126000.0
149000.0
160000.0
228000.0
234000.0
234000.0
251000.0
306000.0
177000.0
68500.0
84000.0
200000.0
217000.0
580.0
580.0
1140.0
2980.0
6700.0
27800.0
9100.0
11800.0
12600.0
20600.0
26800.0
16200.0
22300.0
760.0
760.0
820.0
920.0
0
0
0
1750.0
1750.0
1870.0
7200.0
7200.0
7700.0
148000.0
1810.0
33500.0
103000.0
263000.0
6800.0
6800.0
7300.0
11800.0
11800.0
46700.0
12600.0
3050.0
81000.0
43600.0
3050.0
21200.0
22700.0
43600.0
87500.0
19900.0
35900.0
35900.0
87500.0
312000.0
331000.0
3150.0
3350.0
6350.0
10600.0
0
6600.0
7050.0
6600.0
18700.0
7050.0
2200.0
2360.0
21200.0
33600.0
96000.0
58500.0
89500.0
89500.0
137000.0
247000.0
247000.0
114000.0
153000.0
8750.0
6600.0
9350.0
25500.0
56000.0
0
0
0
0
0
0
0
0
0
0
0
2160.0
0
2160.0
0
0
2310.0
0
3050.0
3050.0
0
3250.0
0
0
0
0
0
5050.0
0
0
0
7450.0
0
16100.0
16100.0
46900.0
2960.0
4200.0
8150.0
263000.0
342000.0
82500.0
9250.0
9350.0
9350.0
9350.0
9350.0
18400.0
24000.0
24000.0
25900.0
27300.0
28200.0
29600.0
52000.0
100000.0
2990.0
8250.0
19700.0
25500.0
27300.0
40900.0
77500.0
103000.0
126000.0
202000.0
3050.0
200000.0
228000.0
263000.0
263000.0
331000.0
106000.0
1300.0
1460.0
1970.0
2220.0
2270.0
2910.0
3100.0
3750.0
4500.0
5100.0
6950.0
18200.0
18300.0
2010.0
3250.0
32000.0
890.0
890.0
1030.0
0
0
0
0
0
0
4800.0
4900.0
5100.0
5250.0
11200.0
12800.0
13700.0
16300.0
49200.0
65000.0
73000.0
950.0
3750.0
39300.0
53000.0
54500.0
370000.0
3850.0
6350.0
6350.0
29100.0
93500.0
27100.0
93500.0
8000.0
570.0
610.0
940.0
1250.0
1250.0
1340.0
7450.0
0
570.0
570.0
570.0
1580.0
1690.0
2440.0
2810.0
3050.0
2490.0
2670.0
17600.0
18900.0
17600.0
18900.0
37000.0
67500.0
97000.0
103000.0
29600.0
9950.0
263000.0
6250.0
2370.0
3500.0
0
0
0
0
0
500.0
810.0
1370.0
1370.0
1470.0
1750.0
1770.0
1770.0
1890.0
3150.0
3750.0
4000.0
4050.0
0
4650.0
0
10400.0
11100.0
810.0
11200.0
13700.0
24700.0
37700.0
49300.0
70500.0
160000.0
177000.0
3300.0
85500.0
11100.0
93500.0
194000.0
217000.0
251000.0
30800.0
57000.0
60500.0
5550.0
10500.0
11800.0
30800.0
2040.0
2300.0
5600.0
5900.0
1250.0
8500.0
13600.0
13600.0
12700.0
7000.0
1060.0
1140.0
1420.0
1840.0
1840.0
1980.0
0
0
0
3350.0
3350.0
0
7350.0
7350.0
0
9300.0
0
9950.0
12700.0
0
14700.0
14700.0
19900.0
20400.0
22400.0
22400.0
30800.0
65000.0
1060.0
0
17000.0
19100.0
21200.0
57000.0
80000.0
80000.0
2080.0
2220.0
810.0
2620.0
2620.0
2800.0
4600.0
7000.0
22900.0
24600.0
7000.0
0
25900.0
13100.0
25900.0
27700.0
68500.0
5000.0
59000.0
19400.0
32000.0
7500.0
3900.0
13700.0
13700.0
12500.0
