salary_max
105000
146000
124000
163000
160000
160000
160000
94000
94000
165000
178000
87000
100000
83000
83000
89000
110000
94000
140000
225000
129000
112000
53
105000
81000
68000
129000
110000
88000
88000
112000
122000
217000
81000
80000
101000
124000
124000
102000
102000
172000
175000
68000
111000
144000
129000
163000
94000
113000
86000
86000
73000
217000
83000
124000
82000
160000
112000
147000
92000
152000
91000
78000
56000
144000
159000
78000
89000
80000
144000
101000
154000
91000
76000
210000
181000
152000
119000
119000
180000
218000
218000
125000
208000
208000
105000
81000
174000
174000
147000
147000
175000
87000
87000
71000
71000
117000
159000
159000
104000
104000
104000
81000
87000
117000
117000
80000
80000
80000
111000
78000
78000
78000
78000
98000
159000
102000
237000
237000
250000
176000
169000
192000
225000
178000
151000
151000
152000
68000
68000
68000
144000
163000
160000
160000
160000
94000
94000
155000
123000
166000
92000
122000
178000
178000
144000
164000
180000
144000
87000
71000
117000
73000
237000
91000
165000
98000
192000
129000
110000
94000
113000
166000
166000
106000
56000
174000
151000
79000
208000
174000
105000
144000
136000
104000
87000
89000
92000
92000
181000
181000
181000
181000
181000
181000
178000
178000
178000
178000
178000
178000
178000
178000
151000
151000
151000
151000
151000
151000
151000
152000
152000
152000
152000
152000
152000
152000
152000
68000
68000
68000
68000
68000
111000
111000
111000
111000
111000
111000
129000
129000
129000
129000
129000
129000
129000
129000
144000
144000
144000
144000
144000
144000
144000
144000
144000
66000
66000
66000
66000
66000
66000
113000
113000
113000
113000
129000
129000
129000
129000
129000
110000
110000
110000
110000
110000
110000
110000
110000
110000
110000
112000
112000
112000
112000
112000
112000
112000
112000
112000
112000
112000
112000
112000
151000
151000
166000
106000
121000
112000
211000
178000
122000
72000
71000
117000
144000
217000
217000
214000
188000
169000
122000
109000
144000
117000
106000
188000
113000
180000
218000
117000
122000
165000
140000
174000
175000
175000
188000
225000
110000
139000
83000
140000
89000
121000
210000
152000
217000
144000
101000
122000
122000
140000
112000
112000
98000
91000
129000
80000
225000
147000
237000
140000
165000
122000
109000
139000
237000
76000
214000
94000
155000
87000
111000
149000
129000
129000
218000
105000
184000
117000
78000
151000
166000
79000
176000
160000
160000
147000
71000
117000
144000
80000
100000
101000
124000
140000
211000
111000
98000
102000
111000
113000
185000
80000
94000
112000
144000
129000
166000
192000
27
164000
164000
127000
87000
87000
87000
166000
166000
83000
106000
106000
106000
122000
237000
237000
237000
237000
154000
89000
89000
101000
151000
79000
144000
106000
160000
160000
160000
160000
109000
181000
181000
152000
139000
141000
87000
94000
113000
113000
113000
112000
112000
112000
101000
181000
124000
152000
171000
180000
180000
122000
72000
72000
88000
88000
78000
53
211000
122000
89000
59000
180000
165000
122000
69000
129000
119000
169000
147000
175000
151000
83000
211000
175000
152000
151000
101000
176000
175000
111000
211000
91000
214000
113000
210000
105000
159000
210000
71000
140000
92000
129000
144000
110000
175000
111000
152000
111000
144000
80000
76000
181000
129000
66000
208000
175000
151000
83000
122000
151000
151000
159000
104000
81000
81000
156000
111000
101000
173000
152000
92000
237000
101000
117000
154000
91000
178000
152000
141000
122000
78000
78000
152000
80000
147000
144000
144000
78000
172000
172000
172000
112000
147000
105000
154000
147000
111000
159000
129000
152000
94000
181000
140000
121000
171000
180000
180000
122000
80000
80000
80000
80000
80000
80000
80000
80000
80000
80000
80000
80000
80000
80000
80000
80000
80000
130000
130000
130000
130000
130000
130000
130000
130000
130000
130000
130000
130000
130000
105000
105000
105000
105000
105000
105000
105000
105000
105000
105000
56000
56000
56000
56000
56000
56000
56000
56000
56000
56000
56000
56000
56000
56000
56000
56000
56000
56000
56000
81000
81000
81000
81000
81000
81000
81000
81000
81000
81000
81000
81000
81000
174000
174000
174000
174000
174000
174000
174000
174000
174000
174000
174000
147000
147000
147000
147000
147000
147000
147000
147000
147000
109000
109000
109000
109000
109000
109000
123000
123000
123000
73000
73000
73000
73000
73000
73000
73000
73000
59000
59000
59000
59000
59000
59000
105000
105000
105000
105000
105000
105000
105000
105000
105000
105000
105000
144000
144000
144000
82000
82000
82000
82000
217000
97000
151000
80000
166000
122000
89000
124000
98000
89000
179000
181000
178000
178000
144000
110000
94000
88000
101000
164000
130000
59000
151000
104000
112000
98000
91000
172000
86000
112000
155000
175000
174000
147000
109000
87000
210000
163000
163000
217000
171000
147000
87000
144000
111000
173000
175000
163000
163000
163000
163000
163000
163000
163000
163000
163000
163000
163000
163000
163000
160000
160000
160000
160000
160000
94000
94000
94000
94000
94000
94000
94000
94000
94000
94000
113000
113000
113000
113000
113000
113000
113000
113000
113000
86000
86000
86000
86000
86000
86000
86000
86000
86000
86000
86000
86000
86000
86000
112000
112000
112000
112000
112000
103000
117000
80000
80000
210000
105000
81000
122000
178000
78000
92000
81000
98000
181000
164000
180000
143000
97000
180000
180000
122000
82000
174000
174000
175000
175000
175000
175000
237000
237000
237000
250000
250000
250000
214000
214000
214000
214000
214000
214000
188000
188000
188000
188000
188000
188000
176000
176000
169000
192000
192000
192000
192000
225000
225000
225000
225000
179000
179000
179000
181000
181000
178000
178000
178000
178000
151000
151000
151000
151000
152000
152000
68000
68000
68000
68000
111000
144000
184000
97000
151000
104000
104000
97000
73000
156000
156000
112000
112000
112000
111000
111000
111000
111000
111000
210000
210000
210000
210000
210000
78000
78000
78000
78000
78000
98000
98000
98000
159000
159000
79000
92000
92000
92000
89000
91000
91000
91000
102000
102000
102000
102000
102000
172000
178000
84000
172000
172000
143000
105000
140000
27
86000
97000
79000
105000
147000
144000
122000
125000
81000
151000
111000
94000
88000
144000
91000
102000
89000
180000
208000
105000
72000
184000
109000
254000
141000
101000
92000
59000
97000
76000
80000
160000
86000
86000
94000
80000
100000
87000
117000
124000
89000
94000
164000
112000
94000
94000
92000
140000
149000
139000
119000
184000
164000
151000
100000
83000
92000
124000
140000
178000
210000
175000
188000
225000
110000
84000
111000
111000
87000
106000
165000
164000
180000
180000
122000
218000
218000
125000
125000
105000
105000
105000
72000
75000
75000
184000
184000
184000
81000
166000
129000
91000
102000
166000
151000
164000
208000
208000
104000
80000
87000
151000
69000
169000
254000
141000
87000
152000
92000
76000
76000
27
68000
129000
149000
149000
78000
79000
100000
69000
147000
91000
79000
147000
105000
111000
112000
91000
250000
94000
88000
130000
147000
100000
106000
87000
154000
130000
105000
159000
155000
155000
155000
80000
80000
84000
84000
84000
218000
184000
172000
69000
149000
175000
141000
97000
156000
124000
210000
159000
92000
102000
149000
188000
169000
192000
192000
192000
225000
225000
144000
79000
210000
159000
92000
86000
144000
146000
136000
79000
56000
69000
89000
175000
159000
125000
184000
87000
117000
92000
92000
140000
89000
174000
172000
79000
164000
180000
208000
143000
184000
164000
176000
112000
112000
210000
92000
80000
106000
97000
111000
124000
102000
78000
89000
89000
129000
69000
140000
159000
92000
147000
89000
56000
81000
144000
184000
53
129000
97000
181000
181000
181000
140000
147000
73000
166000
188000
179000
89000
140000
164000
175000
91000
94000
155000
180000
156000
100000
122000
92000
169000
192000
160000
144000
172000
208000
80000
214000
100000
156000
152000
152000
91000
76000
144000
87000
119000
109000
175000
175000
175000
175000
175000
175000
175000
175000
175000
175000
175000
87000
87000
87000
87000
87000
87000
87000
87000
87000
71000
71000
71000
71000
71000
71000
71000
71000
117000
117000
117000
117000
117000
117000
144000
144000
144000
144000
144000
144000
144000
144000
144000
217000
217000
217000
217000
217000
217000
217000
217000
97000
97000
97000
97000
97000
97000
97000
97000
97000
97000
97000
97000
97000
97000
97000
136000
136000
136000
136000
136000
136000
136000
136000
101000
237000
140000
76000
176000
178000
71000
117000
122000
78000
184000
130000
146000
82000
82000
165000
165000
165000
122000
147000
164000
180000
122000
125000
208000
105000
105000
184000
105000
175000
71000
217000
97000
136000
151000
104000
151000
92000
82000
112000
92000
172000
175000
175000
237000
214000
214000
188000
151000
111000
111000
98000
172000
160000
141000
208000
174000
109000
59000
59000
144000
144000
104000
81000
144000
151000
89000
140000
165000
129000
112000
112000
112000
112000
111000
111000
210000
98000
79000
79000
79000
79000
92000
92000
92000
78000
78000
89000
89000
89000
89000
91000
91000
102000
175000
237000
188000
176000
68000
80000
84000
84000
84000
71000
98000
172000
172000
172000
172000
172000
103000
103000
103000
112000
112000
147000
112000
81000
105000
181000
136000
136000
104000
151000
166000
250000
94000
94000
94000
94000
94000
94000
88000
88000
88000
88000
130000
80000
124000
121000
180000
151000
122000
122000
154000
89000
101000
101000
101000
174000
147000
89000
75000
75000
184000
159000
104000
151000
80000
147000
87000
144000
78000
79000
59000
82000
152000
83000
124000
124000
165000
122000
122000
69000
69000
69000
69000
129000
129000
149000
149000
211000
127000
178000
178000
174000
136000
80000
124000
175000
217000
69000
152000
175000
151000
98000
130000
100000
83000
146000
181000
129000
147000
122000
125000
174000
175000
179000
111000
181000
124000
121000
121000
152000
171000
143000
56000
56000
174000
147000
123000
59000
105000
144000
136000
136000
81000
144000
144000
101000
80000
122000
122000
89000
101000
69000
112000
78000
174000
188000
188000
151000
152000
80000
94000
94000
113000
113000
143000
75000
184000
82000
192000
119000
164000
164000
164000
164000
180000
180000
180000
180000
180000
180000
180000
180000
180000
180000
180000
180000
180000
180000
180000
122000
122000
122000
122000
122000
122000
122000
122000
122000
122000
218000
218000
218000
218000
218000
125000
125000
125000
125000
125000
125000
125000
125000
208000
208000
208000
208000
105000
105000
105000
105000
105000
105000
105000
143000
72000
72000
75000
75000
75000
184000
184000
184000
164000
164000
164000
164000
164000
164000
164000
164000
164000
117000
92000
69000
127000
112000
98000
159000
175000
250000
214000
214000
188000
151000
111000
94000
164000
151000
111000
176000
225000
171000
164000
122000
218000
143000
80000
105000
174000
151000
159000
159000
111000
152000
92000
92000
27
127000
111000
78000
78000
98000
98000
72000
81000
100000
122000
237000
89000
89000
101000
101000
117000
181000
144000
80000
159000
147000
102000
71000
180000
72000
106000
159000
97000
87000
80000
166000
166000
106000
140000
180000
218000
72000
111000
180000
53
73000
211000
237000
163000
81000
210000
210000
80000
80000
100000
100000
100000
122000
237000
101000
101000
146000
165000
210000
78000
78000
91000
102000
152000
129000
185000
78000
105000
144000
129000
82000
121000
80000
208000
91000
129000
140000
147000
152000
92000
98000
169000
94000
140000
124000
141000
164000
208000
72000
144000
151000
159000
104000
73000
117000
149000
174000
175000
175000
237000
250000
250000
214000
214000
214000
214000
176000
176000
169000
169000
169000
169000
169000
192000
192000
192000
192000
225000
179000
179000
181000
181000
152000
68000
87000
144000
73000
144000
82000
105000
152000
92000
69000
147000
106000
122000
69000
149000
175000
176000
179000
111000
144000
110000
103000
218000
147000
141000
125000
208000
105000
97000
87000
106000
101000
76000
210000
80000
73000
217000
112000
98000
102000
181000
129000
113000
112000
155000
80000
98000
81000
83000
154000
146000
81000
105000
181000
112000
111000
98000
89000
80000
144000
179000
86000
113000
166000
122000
89000
152000
124000
254000
152000
139000
149000
149000
175000
175000
237000
237000
250000
250000
250000
214000
188000
188000
188000
176000
176000
176000
169000
169000
225000
225000
179000
179000
181000
152000
147000
175000
71000
156000
140000
80000
109000
218000
105000
56000
82000
83000
89000
71000
97000
73000
122000
102000
112000
160000
94000
87000
106000
122000
122000
122000
237000
237000
237000
237000
154000
154000
154000
165000
140000
211000
127000
178000
98000
79000
109000
73000
217000
181000
181000
181000
181000
181000
181000
181000
181000
181000
181000
181000
181000
181000
181000
181000
140000
140000
140000
140000
140000
140000
140000
140000
140000
140000
140000
140000
140000
140000
147000
147000
147000
147000
147000
147000
124000
124000
124000
124000
124000
124000
124000
124000
124000
124000
124000
124000
121000
121000
121000
121000
121000
121000
121000
121000
121000
121000
121000
121000
121000
210000
210000
210000
210000
210000
210000
210000
210000
210000
210000
210000
254000
254000
254000
254000
254000
254000
254000
254000
254000
254000
254000
254000
254000
254000
254000
254000
147000
147000
147000
147000
147000
147000
147000
147000
147000
147000
147000
147000
147000
147000
147000
147000
147000
147000
152000
152000
152000
152000
152000
152000
152000
171000
171000
171000
139000
139000
139000
139000
139000
139000
139000
139000
141000
141000
141000
141000
141000
141000
141000
141000
141000
141000
141000
119000
119000
119000
119000
119000
119000
119000
164000
180000
180000
180000
180000
180000
180000
180000
122000
218000
218000
125000
125000
125000
208000
208000
105000
105000
105000
143000
143000
143000
72000
72000
72000
72000
184000
184000
184000
184000
164000
53
130000
130000
105000
105000
105000
81000
81000
174000
147000
109000
109000
109000
123000
59000
59000
105000
144000
117000
117000
117000
117000
144000
217000
81000
81000
173000
173000
87000
117000
80000
166000
237000
237000
237000
152000
124000
122000
122000
122000
69000
69000
149000
149000
149000
211000
211000
211000
211000
211000
211000
211000
127000
127000
178000
169000
169000
169000
111000
111000
111000
111000
111000
111000
78000
78000
98000
98000
159000
159000
79000
79000
92000
147000
147000
89000
91000
91000
91000
91000
91000
91000
91000
102000
102000
175000
175000
175000
237000
250000
214000
188000
169000
178000
178000
151000
151000
68000
111000
111000
129000
185000
185000
94000
88000
163000
163000
163000
160000
160000
160000
94000
113000
113000
113000
86000
86000
86000
112000
112000
112000
112000
112000
210000
119000
106000
101000
124000
82000
210000
79000
172000
237000
237000
214000
151000
151000
110000
110000
112000
121000
112000
217000
140000
27
129000
87000
154000
152000
122000
154000
176000
111000
210000
210000
98000
121000
119000
97000
91000
180000
130000
152000
144000
104000
192000
101000
105000
109000
73000
111000
78000
159000
172000
92000
140000
147000
119000
164000
210000
78000
159000
159000
105000
117000
166000
56000
147000
109000
105000
143000
75000
104000
73000
117000
82000
165000
129000
188000
144000
76000
113000
94000
129000
80000
112000
101000
87000
179000
68000
97000
175000
211000
149000
211000
109000
105000
71000
73000
156000
79000
92000
78000
78000
144000
66000
172000
71000
164000
130000
156000
166000
83000
146000
124000
149000
149000
149000
149000
149000
149000
149000
149000
174000
174000
174000
175000
175000
237000
237000
250000
250000
250000
214000
176000
176000
176000
192000
164000
180000
130000
81000
73000
144000
175000
144000
166000
89000
210000
98000
78000
56000
218000
218000
125000
105000
75000
75000
73000
73000
117000
87000
117000
154000
165000
178000
94000
130000
217000
117000
144000
217000
217000
97000
154000
144000
80000
59000
151000
151000
151000
151000
151000
151000
87000
87000
87000
87000
117000
117000
117000
117000
117000
117000
117000
117000
117000
80000
80000
80000
166000
166000
166000
166000
100000
100000
100000
100000
100000
100000
100000
100000
74000
83000
83000
83000
83000
83000
83000
83000
83000
83000
83000
83000
106000
106000
122000
122000
122000
122000
122000
122000
237000
237000
237000
237000
237000
154000
154000
101000
101000
101000
124000
89000
80000
100000
119000
184000
151000
151000
151000
151000
151000
159000
159000
104000
104000
81000
81000
81000
81000
144000
144000
144000
144000
144000
144000
97000
97000
73000
73000
73000
73000
156000
156000
156000
156000
101000
101000
254000
122000
174000
217000
174000
151000
87000
237000
89000
89000
121000
125000
147000
217000
97000
156000
101000
79000
174000
169000
110000
112000
73000
71000
144000
80000
237000
112000
210000
210000
78000
159000
91000
91000
102000
111000
110000
155000
80000
103000
152000
92000
105000
71000
175000
175000
169000
192000
192000
225000
151000
68000
122000
154000
174000
188000
188000
104000
210000
119000
130000
105000
152000
98000
146000
82000
151000
159000
97000
73000
117000
152000
98000
159000
98000
124000
119000
81000
109000
87000
144000
97000
136000
151000
159000
104000
104000
81000
81000
144000
97000
97000
73000
156000
101000
101000
140000
76000
122000
159000
92000
92000
78000
102000
172000
169000
192000
179000
98000
172000
172000
172000
172000
155000
174000
151000
66000
72000
75000
151000
87000
166000
154000
144000
104000
81000
147000
129000
113000
101000
78000
181000
164000
180000
208000
159000
146000
149000
149000
174000
175000
175000
175000
175000
175000
237000
237000
237000
237000
250000
250000
176000
176000
169000
169000
192000
225000
225000
225000
181000
151000
101000
81000
117000
136000
144000
97000
92000
140000
154000
154000
91000
140000
89000
192000
181000
129000
144000
129000
129000
110000
112000
71000
112000
111000
210000
78000
98000
159000
79000
89000
102000
80000
159000
129000
68000
87000
178000
178000
151000
101000
144000
92000
112000
86000
86000
112000
92000
129000
254000
89000
91000
111000
210000
78000
98000
159000
208000
147000
73000
152000
80000
123000
123000
144000
110000
80000
91000
76000
27
180000
208000
53
59000
144000
82000
87000
87000
136000
136000
136000
136000
136000
26
26
26
111000
101000
101000
101000
101000
173000
173000
91000
111000
98000
159000
89000
178000
151000
111000
111000
129000
129000
129000
144000
66000
129000
112000
112000
88000
88000
130000
172000
172000
103000
112000
113000
149000
181000
169000
119000
210000
117000
151000
159000
152000
152000
152000
152000
152000
152000
152000
152000
152000
152000
152000
92000
92000
92000
92000
92000
140000
140000
140000
140000
140000
140000
140000
140000
140000
140000
140000
140000
140000
154000
154000
154000
154000
154000
154000
154000
154000
154000
154000
154000
154000
154000
154000
154000
91000
91000
91000
91000
91000
91000
91000
91000
91000
91000
91000
76000
76000
76000
76000
76000
76000
76000
76000
27
27
27
210000
159000
79000
102000
129000
112000
112000
175000
71000
174000
175000
188000
113000
129000
210000
180000
180000
180000
125000
125000
130000
144000
175000
136000
151000
144000
97000
73000
156000
151000
80000
100000
122000
152000
92000
154000
154000
91000
76000
146000
146000
146000
146000
146000
146000
146000
146000
146000
146000
146000
146000
146000
146000
146000
146000
146000
124000
124000
124000
124000
124000
124000
124000
124000
124000
124000
124000
124000
82000
82000
82000
82000
82000
82000
82000
82000
82000
165000
165000
165000
165000
165000
165000
165000
165000
165000
165000
165000
165000
165000
122000
122000
122000
122000
122000
122000
122000
122000
122000
69000
69000
69000
69000
69000
69000
69000
69000
69000
69000
140000
140000
140000
140000
140000
140000
140000
140000
140000
140000
140000
140000
140000
140000
140000
140000
129000
129000
129000
129000
129000
129000
129000
129000
129000
129000
129000
129000
211000
211000
211000
211000
211000
211000
211000
211000
149000
149000
149000
149000
149000
211000
211000
211000
211000
211000
211000
211000
127000
127000
127000
178000
178000
178000
178000
178000
178000
178000
169000
169000
169000
112000
159000
102000
174000
174000
175000
176000
192000
179000
181000
151000
144000
110000
88000
88000
130000
155000
80000
84000
172000
163000
112000
140000
121000
171000
139000
139000
119000
180000
218000
218000
125000
208000
184000
80000
130000
130000
105000
105000
81000
81000
59000
144000
87000
87000
159000
81000
81000
144000
101000
101000
151000
237000
152000
111000
79000
89000
250000
188000
188000
176000
181000
181000
181000
178000
178000
178000
151000
111000
129000
66000
172000
172000
103000
140000
210000
147000
151000
151000
159000
104000
144000
144000
117000
149000
149000
149000
149000
149000
174000
174000
174000
174000
175000
175000
175000
175000
175000
175000
175000
175000
237000
250000
250000
214000
214000
214000
214000
176000
176000
176000
169000
169000
225000
225000
225000
225000
225000
225000
179000
179000
179000
181000
178000
76000
171000
171000
141000
101000
175000
163000
163000
163000
163000
163000
192000
101000
81000
78000
164000
174000
123000
73000
105000
144000
217000
81000
97000
156000
122000
122000
210000
79000
92000
89000
89000
102000
149000
174000
175000
175000
175000
237000
250000
250000
250000
214000
188000
169000
169000
169000
225000
225000
225000
179000
179000
179000
129000
129000
129000
112000
94000
94000
113000
113000
86000
149000
169000
210000
164000
164000
164000
180000
218000
218000
218000
125000
105000
105000
105000
72000
75000
75000
184000
184000
164000
178000
144000
144000
144000
73000
151000
151000
159000
159000
159000
104000
104000
81000
81000
144000
73000
156000
111000
111000
140000
140000
147000
124000
121000
210000
152000
152000
139000
119000
164000
180000
180000
180000
180000
208000
143000
130000
130000
174000
174000
147000
144000
175000
175000
175000
87000
71000
217000
151000
151000
159000
159000
104000
144000
73000
151000
166000
152000
124000
124000
82000
112000
78000
98000
78000
175000
175000
250000
188000
176000
176000
179000
181000
152000
68000
111000
111000
129000
94000
122000
80000
83000
83000
83000
101000
82000
164000
125000
181000
237000
109000
140000
92000
147000
136000
81000
97000
156000
101000
82000
78000
192000
68000
144000
172000
97000
125000
164000
124000
174000
136000
154000
76000
91000
71000
111000
101000
218000
75000
129000
152000
105000
88000
147000
101000
119000
144000
147000
87000
117000
181000
140000
124000
124000
152000
139000
141000
141000
102000
152000
237000
117000
163000
160000
94000
113000
113000
175000
175000
71000
71000
117000
180000
154000
181000
147000
124000
210000
254000
139000
141000
144000
92000
92000
129000
81000
160000
97000
97000
73000
111000
165000
149000
149000
175000
175000
175000
237000
250000
176000
140000
152000
141000
119000
250000
250000
188000
75000
123000
184000
59000
97000
73000
156000
156000
101000
101000
101000
91000
76000
76000
140000
210000
78000
111000
88000
88000
84000
71000
86000
112000
88000
113000
147000
75000
109000
81000
144000
144000
97000
97000
73000
73000
111000
111000
111000
101000
112000
112000
144000
111000
103000
151000
159000
159000
104000
73000
159000
159000
79000
92000
102000
175000
84000
141000
164000
122000
105000
56000
105000
110000
110000
110000
71000
97000
92000
151000
122000
105000
56000
174000
159000
101000
82000
122000
140000
129000
178000
78000
175000
169000
225000
152000
111000
88000
71000
117000
144000
217000
94000
88000
130000
80000
105000
92000
91000
27
111000
174000
117000
122000
122000
208000
208000
214000
69000
218000
254000
175000
73000
80000
83000
159000
84000
117000
89000
97000
88000
174000
214000
75000
69000
151000
254000
147000
208000
184000
81000
73000
97000
151000
166000
100000
146000
124000
66000
113000
94000
140000
140000
171000
87000
117000
117000
82000
78000
140000
140000
121000
210000
147000
164000
164000
164000
218000
75000
130000
105000
174000
109000
109000
109000
105000
144000
175000
87000
151000
97000
73000
151000
87000
117000
80000
166000
100000
152000
152000
140000
154000
154000
91000
76000
76000
27
146000
82000
111000
98000
159000
175000
237000
181000
129000
94000
88000
88000
155000
163000
160000
113000
159000
73000
156000
80000
100000
100000
87000
80000
83000
144000
151000
80000
122000
154000
117000
111000
159000
171000
180000
180000
180000
92000
105000
159000
91000
174000
237000
80000
124000
117000
210000
144000
184000
211000
127000
147000
105000
151000
122000
123000
59000
106000
237000
149000
80000
98000
164000
72000
164000
218000
208000
164000
174000
109000
71000
117000
166000
92000
82000
165000
129000
78000
98000
250000
169000
152000
68000
144000
112000
94000
94000
88000
130000
160000
94000
113000
112000
105000
109000
123000
123000
81000
91000
87000
80000
210000
129000
159000
87000
